0.0000 46.0000 0.0000 0.0000 354.6064 354.6064 340.7800 340.7800 337.4600 317.5100 3.5030 134.8800 73.5400
3.2800 46.0000 0.3159 920.4308 335.4749 1255.9057 394.8600 394.8600 387.8400 317.2500 3.5160 134.0200 74.0100
6.5500 46.0000 0.4082 1181.7895 380.6784 1562.4679 413.1100 413.1100 404.4900 316.8000 3.5290 133.0500 74.5500
9.8300 46.0000 0.5489 1575.8476 398.6379 1974.4855 437.6900 437.6900 426.9000 316.2300 3.5420 132.0300 75.1300
13.1100 46.0000 0.6001 1717.8821 400.5415 2118.4236 445.7100 445.7100 434.1400 315.5800 3.5550 130.9600 75.7400
16.3800 46.0000 0.6189 1770.5833 397.7536 2168.3370 447.9500 447.9500 436.0700 314.9000 3.5680 129.8900 76.3700
19.6600 46.0000 0.6332 1810.3755 397.0211 2207.3966 449.4700 449.4700 437.3800 314.2200 3.5800 128.8300 77.0000
22.9400 46.0000 0.6420 1835.1246 398.2511 2233.3757 450.1800 450.1800 437.9500 313.5200 3.5930 127.7800 77.6300
26.2100 46.0000 0.6457 1845.8037 398.8393 2244.6430 449.9700 449.9700 437.6900 312.8200 3.6050 126.7400 78.2600
29.4900 46.0000 0.6470 1849.9605 398.1017 2248.0622 449.2900 449.2900 436.9900 312.1200 3.6180 125.7200 78.9000
32.7700 46.0000 0.6477 1852.3277 398.1014 2250.4290 448.5500 448.5500 436.2400 311.4300 3.6300 124.7200 79.5300
36.0400 46.0000 0.6482 1854.4669 398.4873 2252.9542 447.7900 447.7900 435.5000 310.7400 3.6420 123.7300 80.1700
39.3200 46.0000 0.6488 1856.6836 398.3346 2255.0183 447.0000 447.0000 434.7300 310.0500 3.6540 122.7400 80.8100
42.6000 46.0000 0.6497 1859.8533 398.7879 2258.6413 445.9700 445.9700 433.8200 309.3600 3.6660 118.0500 84.0300
45.8700 46.0000 0.6509 1864.2544 399.0197 2263.2741 444.3100 444.3100 432.1100 308.6700 3.6770 102.6400 96.6400
49.1500 46.0000 0.6520 1868.5828 399.0470 2267.6298 442.6900 442.6900 430.4300 307.9900 3.6870 90.9100 109.1100
52.4300 46.0000 0.6531 1872.7658 399.5628 2272.3286 441.1300 441.1300 428.8300 307.3200 3.6960 81.6500 121.4800
55.7100 46.0000 0.6542 1876.8829 399.7214 2276.6043 439.5900 439.5900 427.2500 306.6500 3.7050 74.1700 133.7400
58.9800 46.0000 0.6552 1880.8715 399.7417 2280.6132 438.0900 438.0900 425.7000 305.9800 3.7120 67.9800 145.9000
62.2600 46.0000 0.6563 1884.7862 399.9877 2284.7740 436.6300 436.6300 424.2000 305.3200 3.7190 62.7900 157.9800
65.5400 46.0000 0.6573 1888.6196 400.4597 2289.0793 435.2100 435.2100 422.7400 304.6600 3.7260 58.3600 169.9700
68.8100 46.0000 0.6583 1892.4043 400.6624 2293.0667 433.8100 433.8100 421.3100 304.0000 3.7320 54.5400 181.8800
72.0900 46.0000 0.6592 1896.0832 400.6388 2296.7220 432.4400 432.4400 419.8900 303.3500 3.7370 51.2000 193.7200
75.3700 46.0000 0.6602 1899.6811 400.8730 2300.5541 431.1000 431.1000 418.5200 302.7000 3.7430 48.2700 205.4800
78.6400 46.0000 0.6611 1903.2097 401.0662 2304.2759 429.7900 429.7900 417.1700 302.0600 3.7480 45.6700 217.1700
81.9200 46.0000 0.6620 1906.6674 401.5032 2308.1706 428.5200 428.5200 415.8600 301.4200 3.7530 43.3500 228.8000
85.2000 46.0000 0.6629 1910.0677 401.7579 2311.8256 427.2600 427.2600 414.5600 300.7800 3.7580 41.2700 240.3600
88.4700 46.0000 0.6638 1913.4439 401.9109 2315.3547 426.0200 426.0200 413.2900 300.1400 3.7620 39.3800 251.8600
91.7500 46.0000 0.6647 1916.7386 401.9058 2318.6444 424.7900 424.7900 412.0300 299.5100 3.7660 37.6700 263.3000
95.0300 46.0000 0.6655 1919.9661 402.1067 2322.0729 423.6000 423.6000 410.8000 298.8800 3.7700 36.1100 274.6800
98.3000 46.0000 0.6663 1923.1579 402.2733 2325.4312 422.4200 422.4200 409.5900 298.2500 3.7740 34.6800 286.0000
101.5800 46.0000 0.6672 1926.2932 402.4514 2328.7446 421.2700 421.2700 408.4000 297.6300 3.7780 33.3700 297.2500
104.1200 46.0000 0.6678 1928.7207 402.6487 2331.3694 420.3800 420.3800 407.4900 297.1400 3.7810 32.4200 305.9400
105.7600 45.9800 0.6680 1929.7695 402.7383 2332.5078 419.7400 419.7400 406.8300 296.8300 3.7830 31.8500 311.5300
107.4000 45.9300 0.6708 1938.0366 403.3770 2341.4136 419.4100 419.4100 406.4500 296.5200 3.7850 31.3200 317.1200
109.0400 45.8500 0.6733 1945.4735 405.6288 2351.1023 419.0200 419.0200 406.0100 296.2100 3.7870 30.8400 322.7000
110.6800 45.7300 0.6769 1956.3672 402.3712 2358.7384 418.4300 418.4300 405.3700 295.9000 3.7880 30.3900 328.2900
112.3200 45.5800 0.6813 1969.2173 406.1324 2375.3498 418.1900 418.1900 405.0400 295.5900 3.7900 29.9700 333.8700
113.9500 45.3900 0.6869 1985.5724 405.2969 2390.8693 417.8000 417.8000 404.5600 295.2800 3.7920 29.6000 339.4800
115.5900 45.1700 0.6935 2004.9473 405.1889 2410.1362 417.4900 417.4900 404.1300 294.9700 3.7940 29.2500 345.0900
117.2300 44.9200 0.7012 2027.5211 404.2436 2431.7647 417.1800 417.1800 403.7100 294.6600 3.7950 28.9400 350.7200
118.8700 44.6300 0.7102 2053.5559 403.5749 2457.1308 416.9400 416.9400 403.3200 294.3400 3.7970 28.6600 356.3800
120.5100 44.3000 0.7204 2083.3584 402.6381 2485.9965 416.7400 416.7400 402.9700 294.0300 3.7990 28.4100 362.0600
122.1500 43.9400 0.7319 2116.4729 404.2755 2520.7484 416.7000 416.7000 402.7400 293.7100 3.8010 28.1900 367.7900
123.7800 43.5500 0.7448 2153.9746 402.5998 2556.5744 416.5600 416.5600 402.4100 293.3900 3.8020 28.0000 373.5500
125.4200 43.1100 0.7594 2196.2048 403.3225 2599.5273 416.6100 416.6100 402.2200 293.0700 3.8040 27.8400 379.3600
127.0600 42.6400 0.7758 2243.4329 402.2023 2645.6352 416.6500 416.6500 402.0000 292.7400 3.8060 27.7100 385.2300
128.7000 42.1300 0.7938 2295.4796 404.9645 2700.4441 416.8900 416.8900 401.9600 292.4100 3.8080 27.6100 391.1700
130.3400 41.5800 0.8141 2354.0616 402.1781 2756.2397 416.9900 416.9900 401.7600 292.0800 3.8100 27.5400 397.1700
131.9800 41.0000 0.8366 2418.8853 401.4983 2820.3837 417.2600 417.2600 401.6800 291.7400 3.8120 27.5000 403.2500
133.6100 40.3700 0.8617 2490.9456 402.5689 2893.5145 417.6800 417.6800 401.7100 291.4000 3.8140 27.4900 409.4300
135.2500 39.7000 0.8896 2571.2116 404.0129 2975.2245 418.2100 418.2100 401.8100 291.0500 3.8160 27.5200 415.7000
136.8900 38.9800 0.9208 2660.8619 403.6154 3064.4773 418.7800 418.7800 401.9000 290.6900 3.8180 27.5800 422.0800
138.5300 38.2200 0.9556 2760.8337 400.9239 3161.7576 419.3700 419.3700 401.9600 290.3300 3.8200 27.6800 428.5900
140.1700 37.4200 0.9950 2873.9152 398.8604 3272.7756 420.1600 420.1600 402.1600 289.9600 3.8220 27.8200 435.2200
141.8100 36.5700 1.0389 2999.6717 399.6201 3399.2918 421.1700 421.1700 402.4900 289.5800 3.8240 28.0100 442.0100
143.4400 35.6700 1.0888 3142.4452 400.4024 3542.8475 422.3800 422.3800 402.9400 289.2000 3.8270 28.2400 448.9700
145.0800 34.7300 1.1448 3302.7921 396.4847 3699.2768 423.6100 423.6100 403.3300 288.8000 3.8290 28.5200 456.0900
146.7200 33.7800 1.2053 3475.4743 397.2745 3872.7488 425.1000 425.1000 403.9100 288.4000 3.8320 28.8300 463.3300
148.3600 32.8400 1.2707 3662.1526 393.0879 4055.2405 426.5800 426.5800 404.4000 287.9900 3.8350 29.1600 470.6800
150.0000 31.8900 1.3411 3862.7852 392.3605 4255.1456 428.2700 428.2700 405.0300 287.5800 3.8380 29.5200 478.1300
151.6400 30.9500 1.4178 4081.1506 390.1286 4471.2792 430.1100 430.1100 405.7200 287.1600 3.8410 29.9100 485.7100
153.2700 30.0000 1.5009 4317.3848 386.1029 4703.4877 432.0400 432.0400 406.4100 286.7300 3.8440 30.3300 493.4100
154.9100 29.0500 1.5910 4572.9496 385.8260 4958.7756 434.2400 434.2400 407.2400 286.2900 3.8470 30.7800 501.2400
156.5500 28.1100 1.6891 4851.4253 379.1051 5230.5303 436.4500 436.4500 408.0100 285.8500 3.8510 31.2700 509.2000
158.1900 27.1600 1.7961 5154.1185 375.8743 5529.9928 438.9600 438.9600 408.9200 285.4000 3.8540 31.8000 517.3000
159.8300 26.2200 1.9131 5484.8371 368.7961 5853.6332 441.6000 441.6000 409.8300 284.9400 3.8580 32.3700 525.5500
161.4700 25.2700 2.0401 5843.1400 362.6280 6205.7680 444.4500 444.4500 410.8000 284.4800 3.8620 32.9900 533.9200
163.1100 24.4200 2.1662 6198.6983 349.7940 6548.4923 447.0500 447.0500 411.5500 284.0100 3.8670 33.5600 542.2700
164.7400 23.6700 2.2825 6526.2851 339.2175 6865.5026 449.2900 449.2900 412.1000 283.5600 3.8710 34.0300 550.5100
166.3800 23.0400 2.3876 6822.6291 324.8364 7147.4654 451.0500 451.0500 412.3500 283.1100 3.8760 34.4000 558.6400
168.0200 22.5100 2.4789 7080.3457 312.1930 7392.5387 452.3800 452.3800 412.3700 282.6600 3.8800 34.6700 566.6800
169.6600 22.0700 2.5546 7294.4316 296.9854 7591.4170 453.1300 453.1300 412.0500 282.2200 3.8850 34.8200 574.6400
171.3000 21.7300 2.6123 7458.7983 283.7514 7742.5497 453.3400 453.3400 411.4500 281.7800 3.8900 34.8600 582.5100
172.9400 21.4700 2.6511 7570.4733 270.1198 7840.5931 452.9500 452.9500 410.5200 281.3500 3.8950 34.7900 590.3000
174.5700 21.3000 2.6693 7625.2934 257.1245 7882.4179 451.9100 451.9100 409.2600 280.9200 3.8990 34.6000 598.0000
176.2100 21.2200 2.6663 7621.4452 242.2998 7863.7449 450.1700 450.1700 407.6100 280.5000 3.9040 34.2900 605.6000
177.0300 21.2000 2.6571 7597.6837 238.5904 7836.2741 449.1400 449.1400 406.7200 280.2900 3.9070 34.0900 609.4100
180.3100 21.9000 2.3959 6884.2135 172.0342 7056.2476 435.2400 435.2400 396.9500 279.4700 3.9160 32.3000 624.1700
183.5800 23.2700 2.0494 5921.8088 126.0294 6047.8382 419.1000 419.1000 386.1600 278.6700 3.9250 29.8200 638.5400
186.8600 24.6200 1.7754 5153.2024 103.4747 5256.6771 406.0200 406.0200 377.2500 277.9400 3.9320 27.7100 651.5500
190.1400 25.9300 1.5526 4523.8681 87.8997 4611.7678 394.9200 394.9200 369.5400 277.2800 3.9390 25.9100 663.4400
193.4100 27.2200 1.3687 4001.0484 78.4378 4079.4862 385.3900 385.3900 362.7900 276.6700 3.9450 24.3400 674.3500
196.6900 28.4800 1.2157 3563.8364 70.6110 3634.4474 377.0900 377.0900 356.8100 276.1100 3.9500 22.9800 684.4300
199.9700 29.7100 1.0876 3196.1178 64.1959 3260.3137 369.8400 369.8400 351.5100 275.5900 3.9550 21.7700 693.7700
203.2400 30.9100 0.9794 2884.4520 58.8115 2943.2635 363.4700 363.4700 346.7900 275.1000 3.9600 20.7100 702.4700
206.5200 32.0800 0.8880 2620.1666 53.9900 2674.1567 357.8900 357.8900 342.6000 274.6500 3.9640 19.7500 710.6000
209.8000 33.2200 0.8099 2393.7082 49.8896 2443.5979 352.9500 352.9500 338.8400 274.2200 3.9670 18.9000 718.2300
213.0700 34.3300 0.7430 2199.2764 46.4887 2245.7650 348.5900 348.5900 335.4900 273.8200 3.9710 18.1300 725.4200
216.3500 35.4200 0.6851 2030.6510 43.5038 2074.1548 344.6900 344.6900 332.4700 273.4400 3.9740 17.4300 732.2300
219.6300 36.4800 0.6350 1884.1745 41.0693 1925.2438 341.2200 341.2200 329.7600 273.0800 3.9770 16.8000 738.6900
222.9000 37.5100 0.5911 1755.9863 38.5782 1794.5646 338.0800 338.0800 327.2800 272.7400 3.9800 16.2200 744.8400
226.1800 38.5100 0.5524 1642.5092 36.2649 1678.7740 335.2200 335.2200 325.0100 272.4100 3.9820 15.6800 750.7200
229.4600 39.4900 0.5186 1543.1733 34.3249 1577.4982 332.6600 332.6600 322.9600 272.0900 3.9850 15.2000 756.3400
232.7400 40.4400 0.4879 1453.2234 32.5840 1485.8074 330.2600 330.2600 321.0200 271.7900 3.9870 14.7500 761.7400
236.0100 41.3600 0.4611 1374.1494 31.2102 1405.3596 328.1200 328.1200 319.2900 271.5000 3.9890 14.3300 766.9300
239.2900 42.2600 0.4372 1303.8212 29.7532 1333.5744 326.1700 326.1700 317.6900 271.2200 3.9910 13.9500 771.9400
242.5700 43.1200 0.4159 1241.2419 28.4091 1269.6510 324.3900 324.3900 316.2400 270.9500 3.9930 13.5900 776.7700
245.8400 43.9700 0.3994 1192.3734 27.1046 1219.4779 323.0600 323.0600 315.1500 270.6800 3.9950 13.2600 781.4800
249.1200 44.7800 0.3885 1160.2591 26.2149 1186.4740 322.1700 322.1700 314.6100 270.4300 3.9970 12.9500 786.0900
254.7700 46.1200 0.3500 1046.6516 24.5115 1071.1631 318.4300 318.4300 311.2500 270.0000 4.0000 12.4600 793.6900
